1000
53085
2293
1614
9265
6276
4554
9319
7411
1124
5694
7737
8879
6442
9840
6589
3532
257
3228
9994
3057
7277
2453
4987
591
5152
8883
5970
8686
863
5118
925
2008
8209
1692
6681
2854
4488
3288
7988
7399
547
6068
1096
2024
1842
4128
8084
817
9612
3467
1149
3180
4254
9160
4149
315
8949
917
2762
2890
5614
4841
115
2067
5067
4268
5207
6017
1801
7228
4574
2583
944
9821
5851
209
3803
1376
4475
9947
4472
6391
6023
3425
865
6343
8672
5303
8461
7903
108
7690
9665
6168
2587
8438
5579
4718
2368
3114
5024
3071
5484
1305
4404
9505
8701
3234
42
7688
9479
3490
6397
1672
1025
2760
95
6632
3316
3929
5679
7592
2319
6646
528
9220
2334
4571
9287
458
268
4953
1621
2152
6599
4742
55
7001
6035
2883
5098
8274
7362
1310
6755
7
3954
2137
5582
5604
6151
5707
8564
457
635
2534
835
7061
3891
2281
5545
5462
9012
7094
1408
5984
2646
5206
5761
9677
1175
5692
6930
5747
8467
8871
4577
5884
611
6188
6086
2402
8563
7444
2116
7993
4920
1810
1105
4626
642
5143
9671
1965
9023
8777
3785
7950
8897
6770
2585
5924
1600
3573
3081
7366
8146
1702
8705
9278
5418
8762
9953
4651
9711
1548
1767
8257
271
5682
5907
1492
8212
3407
2953
3221
1493
1227
4343
3308
6704
176
1400
7926
1719
1494
1752
3329
600
8161
1177
6726
5265
8457
8949
9078
4836
3259
5525
4793
8711
1806
6001
178
1072
1848
953
3511
6239
2114
5492
3023
2428
5161
6278
3357
1170
9799
5191
172
3340
7746
8306
3019
8432
2018
8891
7052
9721
649
9061
7704
6425
4286
4499
5077
7006
842
733
906
5540
5559
4758
4401
8508
902
2795
9214
5452
6352
4606
7376
8886
7247
2372
3974
8429
942
9019
116
694
158
2321
2582
9292
6442
1329
2452
4342
9133
2559
8966
5836
7667
4790
458
696
2798
2495
5220
5290
5466
2485
6293
8607
6290
7159
9199
7394
8708
8157
1687
2931
2754
6751
6044
7352
811
2611
8744
9185
2762
8197
7813
3264
3757
3355
545
2521
5688
3961
4885
5574
5131
1971
5682
1646
98
5186
3789
2695
6939
3017
8125
3849
541
9768
8498
7573
1911
1280
5032
6486
599
3688
5821
887
60
6111
4191
9125
8942
8979
5513
8119
5324
4097
1712
459
9494
478
6633
322
4781
5430
2125
2479
5687
3060
4143
2156
2408
8161
2573
8974
2653
1039
2390
3161
3098
5528
1100
5127
4759
835
2665
4437
8006
9480
5190
3583
2600
3027
410
1501
7825
4046
9328
5629
5961
1514
9900
6388
5252
6430
4495
2687
692
3764
5177
2543
7534
271
7311
9524
3707
4322
157
201
8815
3853
1565
4560
3135
9865
521
1615
2574
3703
13
652
9193
7059
9249
9093
4309
7151
8565
6979
3157
1341
8397
7344
16
284
4576
790
3649
2968
1132
8010
2609
843
3692
5785
5955
8456
7229
7441
8590
8826
6333
8211
8817
4824
6692
2184
5425
971
9960
1746
246
7523
1756
1108
9175
1703
3752
1780
3587
9036
1455
160
691
6425
1836
7423
7676
536
5215
3754
8040
3422
3383
5050
1095
6975
7760
36
898
1964
1263
2962
3297
2030
1515
8771
4557
7480
5871
359
2584
6296
781
8643
9116
8926
8133
5724
6050
2112
1254
6722
3380
2157
5364
5690
7893
6112
3467
9489
9471
8248
2467
1613
6476
6086
2196
502
457
8454
3836
470
7001
4482
7023
4076
4854
7331
4894
4711
1661
6857
3147
6673
7978
7581
9420
5194
1137
1877
1390
6007
4640
1368
2667
299
1249
2419
3807
5092
7620
3355
728
1065
4332
371
7420
2307
9624
208
6304
4489
2389
1019
1414
9168
9954
9063
9030
242
8357
9876
128
7519
812
9684
1136
1090
7447
2492
8452
1030
6004
493
1498
2712
4906
8403
1933
574
1594
1245
6722
2936
4482
4046
3134
5622
1109
1091
3386
6987
7144
7223
6538
6112
9917
4980
7322
444
7733
970
8186
9267
2018
3300
1275
3756
9115
5593
1546
8583
2612
4785
5149
6782
9789
6890
9180
8220
2457
1577
786
428
6226
9764
1267
6339
4794
8623
9776
2592
373
5093
4393
9379
1286
3098
7059
5852
2952
2159
3802
197
2046
1990
2456
7763
220
3702
5911
5000
6999
5249
2467
1645
8858
4852
452
1375
7499
7102
7227
2311
926
6997
3946
3406
8649
3558
6025
8432
8007
7051
1734
6209
176
1906
9692
3693
520
1211
712
6468
1415
4722
6008
9495
9434
5806
9556
9628
9305
2025
274
456
3320
1394
7509
317
5393
3471
9989
7009
401
3494
4933
7105
6498
8702
5313
2934
3802
3809
7526
56
1602
2197
1927
608
6873
220
3996
898
3466
7352
6926
123
7083
6195
4001
6007
7559
6750
9873
406
159
7912
5712
7535
5260
1666
9646
2694
7705
160
5786
123
2670
3298
8152
467
1231
1652
4052
7450
9687
4931
8134
1560
9039
8049
8903
532
2100
2427
5074
7991
7368
1001
8478
9075
8855
2437
427
9651
1004
432
5947
7956
1717
465
1716
2325
5397
5167
7187
2939
1352
1730
8419
7256
1612
5108
414
6413
5183
9118
8563
2445
2179
4960
4824
2996
9961
545
34
2103
5309
3528
5027
1774
9518
4026
9827
1056
2321
4565
194
3485
6598
7068
8012
3010
59
7028
3295
329
4959
1630
9017
4223
3114
7959
1206
266
6635
7868
3784
8890
9523
7090
2759
3950
8832
2196
4332
8235
556
2382
888
2137
7
8154
9018
703
8002
2201
6097
5888
8798
6053
6991
2629
8756
6900
6799
477
9990
1407
568
9394
3685
7492
5441
2094
3333
2776
7256
9822
8718
8193
9806
3334
2613
9012
949
7221
9130
7754
7325
3627
4979
1897
4907
1976
521
192
1803
8454
3744
3282
7752
9081
7901
9847
393
2438
6980
8687
9726
2322
1024
9240
9579
3980
7430
9858
5188
1070
4428
6785
347
3776
2069
1027
8133
8190
5424
515
