100
5689
761
227
529
944
78
820
795
831
830
79
827
19
362
870
555
593
424
559
795
431
848
782
813
393
867
940
145
709
492
271
266
852
235
466
601
514
264
590
241
567
5
608
466
951
351
485
458
743
694
484
201
129
35
931
739
914
394
605
179
666
856
578
966
763
142
487
926
973
983
767
209
506
414
290
529
886
428
14
645
433
313
619
367
904
752
747
39
256
624
658
720
549
631
146
2
234
434
858
384
265
