10000
1818832
2527
18848
7163
2869
18316
13072
4883
7372
2337
15903
1007
4446
14953
16207
5510
9519
9481
17632
7638
5757
874
11989
14022
4161
17005
9044
209
10906
17518
18639
5738
11229
5263
17879
10906
5168
17157
9500
11723
1919
4541
13015
6213
7543
4560
14155
4522
4997
228
6441
11039
5453
15485
7657
608
12920
12255
13509
6612
684
9082
3629
3705
2622
912
12445
5643
6232
6498
5529
1216
6118
1235
10735
6555
3819
10412
17233
10716
15010
17708
18373
6422
7163
893
2413
8379
12578
1596
18506
8664
13053
10716
9614
2508
10336
18373
10184
17670
11210
18278
4028
551
13566
12141
11818
12046
6175
4522
12179
3249
6289
209
6802
4427
10431
1520
9899
18943
3534
15124
12046
12464
4237
4028
7866
14630
10773
17955
9538
3952
3857
14326
14915
17366
12559
7505
4066
1444
4750
2850
7391
13262
3002
7486
9557
13547
2204
475
7030
14668
5757
1178
9595
7391
14193
5738
10241
9500
4237
6802
7353
5567
18069
13642
11267
2983
2052
8759
2869
17119
17765
17119
3610
5510
15162
7296
15979
6612
16530
5814
15694
703
1558
7467
2983
18639
57
9329
15238
12996
10507
9709
14706
3021
10640
8949
15580
7581
437
16929
8645
18962
4047
13718
7220
1121
15276
14231
6346
1064
17822
3724
6422
10830
7410
11799
1292
6536
12920
9766
13699
18088
2983
1881
3021
8341
16435
12065
13566
6061
7543
12749
6992
11514
6137
1615
17005
11799
9861
7923
1615
7866
11875
18506
13680
7923
6555
2185
13376
912
10830
16777
3534
17195
6726
5358
10602
6631
16568
13015
16929
589
9101
13547
10963
6061
11590
5890
741
1805
5928
247
3458
855
16625
4408
11818
1121
6137
12046
9709
9025
1976
8037
16017
3477
456
7220
17081
18848
4370
6270
4997
13015
10260
16245
4123
16093
2470
9386
16644
10849
741
1672
13243
18981
741
16625
14326
304
4959
10678
11761
12673
12521
703
266
16302
5795
3382
1786
15694
8702
12692
16682
7657
12255
12065
17974
10621
798
836
17290
3325
16777
6745
11666
8398
2071
2242
3762
10317
11077
15580
7049
266
13585
3287
14763
5206
2318
16169
9557
3667
399
646
5928
10925
16739
14212
10697
12141
12977
8531
16511
13300
18620
18791
8303
6821
13642
13699
6251
12046
5168
7866
10621
532
17613
1064
2242
5282
12578
5168
4522
418
418
16036
855
475
11267
11153
16188
3021
4940
18449
17499
14155
6289
15010
11058
7410
17214
14383
12502
4693
15219
15561
13813
2109
6821
18791
6004
17461
2489
4560
14953
12635
17138
15713
6023
7353
2831
13357
11039
5890
7410
7980
18905
12312
2280
15010
8550
1197
6688
15979
18905
2869
8227
3800
1881
4674
7828
11172
9177
5415
14459
13585
13186
14307
6631
4826
9595
9348
13452
10944
18354
12122
16416
4180
7315
17917
16302
3458
12445
18126
12939
17119
18601
190
8683
12445
6593
10184
18354
247
6270
8208
10963
16891
7904
12312
11742
13490
15485
8417
17461
17442
17157
6479
11001
5054
4180
3952
1558
16207
4978
1178
1596
7771
7334
15808
3515
17157
17005
18506
76
3819
7657
2888
1729
15409
16245
4180
17271
6099
9899
5947
14383
10070
760
8284
11514
1330
8759
18715
15504
1577
14896
14060
4446
17442
14288
5472
18088
12616
16093
17176
17461
13357
16055
14060
2698
5624
12711
14554
5605
10051
4959
12882
17461
18601
8987
11305
12502
17480
12654
10545
12217
11723
9177
4332
2622
9937
5415
6137
6650
15561
5548
10602
18506
1520
16435
18943
9937
4712
3648
13338
456
6042
18487
1558
12540
4294
14193
15979
16245
3496
8759
13319
12065
6802
10203
15466
4047
1843
13699
2907
14516
12141
4332
9861
7182
3857
5111
13129
2299
10868
18582
532
8493
14250
18221
16644
9367
7391
11780
6080
18164
4541
1311
17955
8075
17214
12160
14174
11153
6821
11932
8094
11438
11951
17936
13756
18601
456
17670
6194
10355
10697
15067
7600
11951
12673
6783
5871
13699
15618
15903
9994
6878
1463
5947
1463
17119
418
12046
6061
3553
10887
17917
1178
5605
12977
1995
4370
13832
5149
1672
8474
3686
8455
11837
1083
3838
18772
6954
18506
7011
13927
15637
16036
16720
17632
10393
6118
18506
17651
2090
9234
8018
209
8208
9215
14516
7505
12559
14193
9899
4123
15485
494
9367
17214
17081
2432
855
7790
10526
6783
10583
6232
18696
14782
13813
12198
15086
17936
11039
4617
2052
14877
665
10678
17632
11818
4883
1007
9082
10849
17005
18639
9120
16188
16910
15105
703
1767
15922
9044
10507
14326
2356
18563
3382
3496
18829
1406
11514
13509
17347
5263
12369
7638
9177
12483
16416
1254
5263
6365
12046
2280
4902
8721
11115
7030
16264
2280
6935
6080
3914
18430
15713
3781
13357
8360
9044
5111
17765
3059
6973
15618
13737
5111
8455
6669
6175
13984
9538
14307
912
11761
3705
17632
18259
16340
13300
1311
12445
11077
9481
14459
18031
1140
8360
17518
9215
13433
7543
12673
8797
2850
1159
14269
4750
7410
3363
15770
14478
11856
13452
969
8113
18544
12768
12407
4351
17765
4237
17879
5187
11134
8189
437
18430
7353
5472
18335
16093
3116
12901
1064
2280
5643
760
152
5605
9519
4085
6042
17822
11704
7752
15808
13034
12141
475
5719
3002
9804
2964
17955
4769
8664
12787
5681
15466
3914
1881
570
551
12502
779
14687
11894
9006
18088
14630
2774
16340
17328
9272
16492
16264
6916
13357
8056
10165
18354
10184
10545
4028
15086
10393
17632
2755
3515
8303
13984
10450
3819
11951
18810
8170
12369
5187
684
10678
5282
4807
16758
18126
15846
15732
8379
627
8949
10355
9462
18696
6650
11552
10716
17898
6403
7771
16986
11514
11533
1919
6251
10051
18734
4636
4750
7885
6783
2546
2261
9880
1824
12160
15960
17005
14554
13566
4864
17347
7315
12730
10545
5833
10564
2204
5206
13414
9728
14668
4351
3458
1881
11609
6859
646
12901
6099
950
4655
10013
9766
9766
16188
1653
2983
17385
4940
3268
7771
4750
817
12654
18354
5092
12882
12103
1577
12255
9728
7923
10260
6498
17366
13946
12122
8949
570
12122
6650
18202
13528
12787
8778
5130
7125
14516
13110
9348
10488
9519
18905
10146
5244
3211
18715
15143
14041
16454
11058
836
18715
8417
12464
2451
14592
15162
18544
209
9405
14307
14915
15143
10203
15713
17366
1425
8512
13319
3192
14174
3857
12293
18506
11951
266
6688
6042
16359
1102
5073
2071
9120
4180
16834
5054
5263
16606
6327
5757
17157
380
5282
969
7904
6973
13338
11818
4864
14117
5852
15029
2090
15314
13756
12673
17594
9576
9557
10013
8284
17062
4560
9728
6992
8854
10830
10488
9481
1064
9899
2204
14744
3895
10165
11609
2850
5966
4256
14478
6042
4655
6821
8018
15352
12312
11286
5358
18886
8873
14060
8398
9937
17385
4579
4218
14535
8398
17461
12673
14478
15808
5700
6346
7011
9462
3990
2489
8208
16777
10222
16359
12084
9139
8816
9557
1653
13547
9481
17366
779
14687
14896
1824
17366
8759
1957
1824
17157
13604
18202
9481
1121
2204
11172
8797
11248
6764
9899
5947
12274
9595
4503
5035
18886
9937
9994
2584
8569
2774
3743
247
2774
14592
7961
475
16872
6707
7752
15333
2223
7600
14687
12768
17879
5396
4161
6783
4351
5985
6745
5586
13965
1463
17005
9652
11134
9956
11096
8854
8170
342
17062
11571
1938
7828
10735
684
5434
4978
9386
12939
17461
2869
1007
16131
8531
16530
152
5643
171
4199
6840
9158
12673
12407
14630
3325
9006
3401
14136
2679
2071
6251
15067
17613
5092
8360
17157
12806
3876
16340
5757
11970
8778
8968
6061
6821
16701
6460
18753
7201
10089
13300
10488
10583
12692
8569
1900
779
17062
13832
17879
4579
5681
152
18734
8949
18031
2508
4693
17404
18848
18620
15903
8664
5814
2033
8683
2033
11818
16207
12084
15561
5111
4237
10393
7581
14269
7258
6517
13300
14041
9329
3325
7999
6935
8474
6327
3211
16264
11704
9101
5928
6327
16055
14725
5871
7942
12331
2223
8113
4826
13870
16758
9291
12084
9557
9291
11837
18221
15637
12046
1786
9823
10735
6650
4465
17746
12521
2622
1292
10906
4959
11647
11666
16283
17309
9044
4389
16549
4427
16131
17613
12939
14326
3344
11628
2945
12065
3686
16834
15523
95
16340
11248
3021
6783
17062
15371
7980
17005
7315
15238
1805
5358
8113
5928
9975
15086
1026
7220
17347
5833
741
3515
11343
6327
2033
4351
5453
13737
4522
5244
3496
3040
15637
2774
4427
11172
1596
4560
13813
10697
6574
16891
15542
3933
15808
3116
10488
5149
1292
13908
18373
16416
11362
5301
12350
6441
4788
10868
7049
12293
10735
13091
12046
17347
15998
1140
13623
1083
5814
15656
1691
8778
17119
3838
14877
2052
15257
6916
3401
11039
5586
8683
10659
8341
6479
10678
15523
2071
3249
13091
2831
12768
13661
4199
5757
11077
2831
5567
18867
15276
9367
2432
4237
7467
14326
9500
17157
15846
17442
12882
17119
2375
3572
10222
7600
7904
2850
11134
1843
1254
1976
5396
4503
5719
5871
13357
6707
12350
18240
7429
10431
13623
13471
14478
2052
14782
4142
12635
15238
1520
6688
5833
14725
8778
18202
1482
1140
7980
3800
7733
14193
3230
9652
12236
3724
6650
14687
8987
3743
5510
17841
304
11134
14535
1577
18924
5263
9633
2337
7429
3952
6061
15371
13718
6536
7296
4940
1330
5548
13091
15257
15523
5301
4522
15599
3401
8702
9196
2907
2603
5263
7144
18354
13699
12141
2945
15295
7125
9975
16340
14250
10792
9253
6346
17043
11343
17955
1425
3781
11894
4883
9006
1957
16701
10108
247
7524
3477
1786
7106
6061
9576
1083
7657
17214
3382
3591
17917
8303
17993
8246
11001
11324
17062
7942
18791
9880
12198
3230
12312
1767
12806
8550
16492
5852
11913
5681
4541
16606
5795
11115
14668
18563
2223
15067
1881
10127
12198
6764
13870
11438
5016
5852
6422
15884
18487
18069
7372
3458
5814
3230
2698
9101
6327
1520
18563
4294
15713
8873
9823
722
1539
11134
3933
8151
10678
4332
6707
7144
4921
2489
8113
1121
5871
10412
18411
3135
14041
17309
380
4161
95
11134
1178
2090
5852
18886
9880
13851
9880
12255
2698
16853
16378
1710
1026
855
7391
8246
14212
3420
9937
12977
9310
10678
12217
798
18962
3667
4921
10051
7220
15200
12521
16131
1330
3496
16872
2774
13091
1102
3363
4408
16606
3325
3667
608
13243
15048
2261
3876
4959
11381
6745
969
13053
5738
9310
17727
16777
14117
4788
17271
5263
13129
13129
12312
4256
16834
14877
3743
1159
9785
16112
7999
12046
6327
12673
14383
7011
4522
10336
6726
1862
817
18145
18772
6289
4389
2166
3002
8949
11818
13661
1919
1159
13775
9405
8778
11001
1539
9899
17423
4161
95
209
16948
13927
14763
10070
13547
1444
4693
18240
513
1767
2546
13585
874
855
12711
14193
12844
11609
1672
7372
418
3154
6365
18335
15124
15504
16112
5472
13566
1121
9443
12369
2204
9177
15846
7258
1121
17271
969
16397
1672
5871
3382
15998
4864
14554
0
16967
4560
10298
16036
5073
4465
10792
10469
9538
12198
1482
4750
11742
13433
15010
6175
9272
15618
15580
11134
13547
9937
18259
17974
380
18240
3857
8778
8246
9918
18487
9728
437
6118
17024
10982
4769
13414
14915
13357
9006
1653
17119
15219
3211
11115
17689
16929
5358
1235
7163
6232
15675
10393
3382
6916
3192
10564
3002
13718
8987
11799
8702
13623
6574
9291
1387
12502
16967
15409
12369
4807
14288
7676
5434
8740
13585
18620
10374
3686
4256
11818
9139
15295
4104
8379
15485
9443
1577
11001
15010
17271
14440
5187
10583
10773
6498
4959
10678
3876
10659
10773
5890
3705
9158
18240
3040
3249
7296
17670
228
5643
228
5548
11799
3933
3724
17575
2584
12787
18487
14402
10868
3667
14250
1311
13053
14706
13129
9253
16150
14915
5301
11970
8512
12464
114
16036
11609
6194
3686
11058
9120
1862
11628
12692
18620
13509
3762
6840
9234
988
1634
11647
3914
18183
399
190
5149
18126
2128
5149
950
12293
8037
15789
15865
11324
7695
8949
8037
10127
14136
418
18050
11932
13851
6935
2546
17879
10279
9747
5472
11913
12103
7277
10621
5035
9481
18373
11058
9196
10013
3876
9576
437
18107
16625
9082
5149
15181
18582
10279
16112
5491
18601
3781
8493
5073
456
16929
14003
2489
15067
18525
8588
6612
12103
3572
17727
4427
14383
8246
7790
2394
3933
18050
2451
380
1995
10222
5795
9652
1140
11476
5909
8322
5396
1539
9177
3230
5871
4180
7372
5586
304
1083
18107
17195
8170
893
8702
11837
5700
3591
14706
1330
13053
15580
1786
15675
15390
16682
17518
6745
8322
18031
12198
17461
9158
8797
5016
6631
7049
9120
3116
7733
16511
6840
11704
5111
7201
6061
10450
13775
8721
9861
5434
15029
16055
13395
15124
8664
7258
14174
16606
12730
10488
5757
5947
11020
18772
1026
16074
4199
13129
589
361
5130
18715
9177
5681
6973
15561
15428
17214
3401
3838
12122
3572
13091
17195
12559
10735
16891
16188
7562
15523
9785
13395
1710
13471
16188
6137
2128
7999
17822
76
16302
12445
5073
1881
16625
2888
3211
3477
10773
17157
9728
17233
11628
1653
17081
6574
17176
3344
4180
18316
7657
13357
17537
7334
8170
13908
15656
4826
8284
247
7372
10165
12160
13110
17119
2356
14421
3059
5795
1634
4693
17081
1330
16929
18544
12426
15770
12787
10982
7372
11248
10773
7752
1596
13927
7790
15884
8208
13395
11077
17214
13509
18297
1273
18715
4921
10754
11609
2565
8455
4104
171
9804
13357
2945
855
12369
17689
16321
18031
14364
12217
2109
7239
15922
6536
12977
16150
969
11533
5415
2337
3401
3819
10602
3363
3762
12198
76
14307
7372
7980
10298
7296
12597
10868
6688
13965
6308
9215
16397
13794
3914
6916
13205
1311
3705
17708
1577
15219
8417
5225
4636
13756
4218
76
5149
7467
14079
12122
5928
2850
7087
1938
18297
18430
12749
5339
12692
8227
513
380
8759
15466
1634
3629
7315
13376
18867
8170
12882
7296
11647
2470
7296
9158
5985
4579
8892
6422
171
18259
4598
15371
15086
6441
6821
4712
12996
14231
13243
4788
14307
15960
76
6593
15010
18620
2052
13186
2432
18088
380
9709
14877
11818
11837
15732
969
1786
418
16967
16245
15998
2451
7201
17081
817
6555
4883
16093
2166
2831
9120
17252
171
2185
18031
1919
9481
11590
3002
3762
14136
1767
11039
3420
2090
8873
7049
15143
6631
14687
12483
14459
12483
3781
7201
323
570
10982
1178
11837
589
7467
5244
6954
4997
11761
5111
9500
5092
11267
1672
18183
2280
2907
14934
16739
9006
1406
6802
19
11780
1216
1805
8322
10146
494
5206
4769
2052
17366
18677
228
5700
16055
14136
7277
16454
16036
14193
11875
15029
5206
6631
7524
4237
3629
6536
8208
14022
13756
12882
12464
6783
18544
16226
18829
950
5833
7581
4750
18791
13547
2489
12141
8987
6555
6194
4218
12958
7410
5890
15485
13604
1159
9823
11172
15124
17784
9348
1368
8455
5377
11913
1235
15941
6194
12901
18734
14497
11894
13889
14060
4123
15941
16606
5434
14839
1596
3249
13129
17936
15675
4085
1881
4009
17974
5149
2812
12331
16207
9443
3838
15599
13946
12844
16036
13566
8208
627
7315
2774
7277
8018
18905
16435
2337
11495
18468
4009
7144
14630
8474
3382
4180
8303
12749
2356
779
17708
14668
3591
12825
12255
7239
10222
13604
12046
7334
3002
2261
13471
16036
8037
7619
4997
11381
12825
12730
9652
16530
12464
2185
14915
2888
14155
16112
14155
16758
9880
6555
18905
3135
12464
2071
9120
7619
14934
8626
4788
7486
9177
3382
8569
13547
665
1691
17442
8493
17499
10488
4826
1634
10127
7410
1064
6080
7106
14991
13262
6004
8455
8417
11343
16663
16910
11286
2033
8474
2546
5548
13129
7980
15827
2641
6270
5206
1900
18525
4332
4009
13395
6555
16036
2185
7638
15219
5624
8930
11856
10545
2147
7866
11951
10925
5339
133
15105
15979
6650
11951
12730
13186
4066
456
7904
10792
12825
8189
18164
4617
8379
16625
9519
2451
18943
4199
10925
12825
16283
14041
2242
8854
1159
7277
4674
15143
13224
3648
12217
5681
2432
18791
13262
209
4978
5909
5168
8854
11495
16226
17499
2375
12844
5149
16017
7904
18886
14383
11039
11818
9462
9538
1558
9595
17917
5453
14478
11191
3838
7334
4446
16112
10374
570
3857
7847
17366
0
779
16587
13851
1387
18943
855
13186
8968
16511
1159
11457
10222
7486
17176
7372
18677
10849
8854
2109
12445
4712
4674
9386
1596
5187
13528
10849
7923
11685
4902
8113
969
13889
551
8493
1520
17765
13414
3781
11970
10374
15523
17461
11628
8360
17214
10754
18069
8968
2033
228
3306
1197
9291
18639
16378
18810
190
16948
18487
16872
18145
3059
5187
2109
4047
18031
10659
3173
14687
18962
14117
12806
9044
18810
6612
6783
2508
4731
13604
5225
2983
893
18924
323
1634
3306
1387
14326
12768
4180
8550
12388
15181
7961
4731
16169
17214
17442
15770
6460
13794
1425
1007
16815
10754
18278
12331
10241
8322
1159
17195
10089
7277
13509
8227
15751
4351
18886
7220
4370
6840
1140
11419
4199
14136
15998
12236
13072
1748
15656
8170
10488
7543
1045
16701
7809
2242
13224
817
9880
589
18259
8569
3040
14345
8607
18202
18449
13186
0
10013
8512
3249
3268
9443
16910
14972
10431
12616
8037
513
3116
1254
16758
798
8246
16226
10412
2546
16169
14345
6802
14763
7391
15884
7182
14117
5339
9614
17081
17347
13243
5073
14022
171
2033
14174
13414
6783
4351
1197
4237
3173
4275
2603
11894
18316
12369
2888
3648
6612
6403
7600
380
2318
16910
1577
14611
1748
14478
3306
18639
2527
17575
3781
10697
9747
12787
855
16397
4275
5339
17176
6061
8968
304
12673
10032
12540
14953
5016
15941
10203
3078
6878
4294
3249
16720
1216
18639
14174
12312
18715
15219
4921
13281
8873
12958
9975
8949
1691
10184
14307
3990
15124
5947
3287
1976
8512
228
12806
475
14345
5339
17271
14269
6574
7144
16017
4826
16948
589
2907
10564
12521
8797
14801
8417
14440
8683
2945
2375
18354
12407
13756
8816
3686
6308
17765
11742
6859
437
8322
9386
12673
8474
9120
16245
15618
11818
9196
9063
5586
4351
627
15618
5852
8512
15903
4237
5871
1501
380
14193
13148
1026
5244
15694
10678
12160
4370
16530
1007
3477
760
18278
3629
10621
17651
14972
16891
4940
9196
3572
14725
4864
5795
15295
855
14326
17632
14060
8094
2052
17784
133
14212
15105
11229
15067
8455
6308
13870
5073
532
10735
2869
15884
10013
3990
14155
15409
1976
16606
8132
8284
2831
16283
7486
12502
1311
1178
2546
16663
13965
16416
9994
15884
14687
2812
11058
18316
3078
15238
11609
13395
9253
18886
15143
3116
12388
5491
11704
9861
3591
3648
13604
12863
190
11514
18924
6175
6612
703
18183
11704
16511
6441
1520
3496
15200
2622
3971
6612
2147
6555
14896
12179
16359
3876
12464
17860
17575
950
5130
4199
6213
13186
12084
8930
10754
8531
133
8911
9025
14991
9234
16815
5833
1007
13148
15124
16321
3097
14896
17024
190
323
8246
4769
3914
17423
18867
13699
3382
15485
16473
6232
10602
1444
11324
1653
4997
7448
11305
5966
14003
7904
17651
13623
1406
2394
16929
12749
11552
17328
15390
2451
6498
209
3382
722
9633
1273
3629
10450
16340
741
15941
3762
17537
17993
11153
2622
11989
5263
17005
2071
11058
2964
11647
1672
14003
874
14839
11419
3173
9918
1387
9690
12844
6631
3895
4313
4009
15352
5548
10792
3686
17803
16891
14269
11799
12635
4921
7676
5282
10317
10431
6802
13129
5833
18772
16055
3344
11343
6878
1900
893
5149
10393
12920
6783
2280
7106
7030
13186
14041
2850
10678
3420
16397
17518
17708
228
15352
7182
16112
15542
13186
8873
6764
6973
10260
16188
9063
11077
3116
8398
14706
18848
5016
475
11685
10925
4636
15428
9614
18183
17233
5282
4902
3838
0
10982
17879
17499
7562
10051
14516
13623
15827
18886
12464
7182
893
16986
12293
13205
3667
15124
18069
7030
8474
18126
8854
5700
14782
17442
13281
14573
2166
14668
9272
2223
11324
14611
10203
10697
2679
9253
3040
4066
12654
9747
11419
12388
13281
2926
16948
10621
5111
13395
9880
14839
11096
11400
10678
5244
1368
9975
15314
14212
1349
11704
4978
7543
5073
17290
8227
11742
4940
1482
2831
16378
13832
7182
456
15466
6726
10640
2945
14573
5187
7923
11856
8550
15599
16739
1938
11951
10336
9595
17841
18791
4598
17366
8683
5472
17575
16169
3876
17613
12502
14820
361
9937
16169
8417
16188
12312
14801
7429
10583
4256
12977
8588
12616
15827
5453
15941
3021
13851
14136
13262
4427
13984
14649
16891
2489
15504
11742
4674
2793
4883
13091
8094
17651
11552
4484
5719
3762
12008
4978
5339
6099
2755
15447
1254
15808
10336
16359
12008
9804
9272
5510
8493
7315
17765
14934
6650
4028
7372
17518
18088
11039
5776
8664
18392
4085
15846
12939
912
9538
7752
10260
9804
1539
9918
15314
9158
2109
6859
10773
4503
5586
3800
11951
15846
798
4294
16397
14478
15276
16796
10431
6251
1577
8740
3933
4674
1653
8873
15561
14212
4313
16093
4921
3819
12198
3724
7714
8151
18506
9937
18031
1007
10583
12065
15352
8379
18031
12160
15105
3230
12331
627
9652
4560
6175
874
9082
8569
3002
16150
15390
14003
6194
12863
11172
1805
13034
14858
7980
2641
8588
8189
4389
15846
4560
12160
3287
11191
6422
2603
15580
931
2546
2014
17879
9861
17670
10279
18031
6859
18829
16549
9253
10450
5890
16321
2717
16112
1311
3952
4902
6612
1254
12236
16207
8550
13072
2736
3857
10754
13224
17271
17689
17442
5339
8645
9899
684
5985
16910
15580
3306
17936
8113
18544
10108
13604
9728
18791
7334
18658
13566
17613
18848
6840
18126
13357
6802
16796
16150
8398
13281
15941
10279
5035
3496
9937
8379
1083
6232
13053
12540
3857
17233
11875
10735
13357
8740
15181
12996
12084
6973
1862
6023
13889
874
8303
14763
12407
12730
18791
10298
5054
9842
10184
14744
9044
17328
8873
5149
12369
14041
5301
12369
18278
0
18601
703
14478
7201
17328
2280
11058
18183
3667
2128
2090
17480
12483
14478
15029
11742
5054
14820
12369
1007
12369
15618
12730
14250
15694
3059
14763
6631
798
11229
16606
13452
2394
4028
209
5852
2413
18145
14611
5396
12958
9652
10792
11324
16530
3420
16834
4731
17556
3895
7695
15979
10165
15504
11951
13262
9253
3344
3838
8303
475
15827
8835
7771
15675
4427
12768
10146
1425
6175
17005
5586
2983
13053
17214
18145
323
10165
13072
15295
5206
8816
7619
2926
551
15599
2337
7809
18601
17537
15751
6175
18905
13832
9120
17119
9063
6156
10849
1520
12236
8645
15162
5358
1596
17404
15694
12996
4351
9348
7581
6460
10887
11210
2071
0
1311
5567
17157
6878
8911
10526
11932
10089
5358
4788
10944
627
16891
4826
15713
17841
18620
6384
5776
3781
1900
14592
6251
3971
9405
2014
8227
589
3439
16207
7030
2318
1482
17499
12008
4104
10146
14554
11970
11704
8873
11666
17613
5871
874
10754
13224
11533
304
11096
14364
2242
9272
15751
4693
13072
10070
8227
3648
3287
7619
15941
10507
10222
13984
10469
13832
12977
3002
1938
4465
6460
3040
12255
11837
11115
5073
7980
18278
1596
9177
14136
2014
17613
7543
10070
14839
4769
5700
2926
18734
18088
12198
18620
7448
4370
9804
18278
5434
2489
3724
16758
17233
18354
18867
7771
13965
15884
15523
4104
10355
16587
11286
15637
11286
17822
3002
16093
3667
10032
16511
12236
16739
17138
9253
13566
4275
13053
12958
1653
7334
9766
12920
3838
13490
608
11799
6897
10450
3040
11400
3857
8151
12901
2432
18791
2660
874
9595
1311
11039
3629
9234
18525
7372
12939
17651
15105
8550
11324
4123
6232
6156
8322
988
14725
10260
9576
13775
12502
15314
10241
3021
3268
8170
9101
6593
6422
12312
684
5282
4921
1976
10982
4997
7220
8873
1197
1197
5453
5719
4237
3838
4636
1444
1843
1615
1672
2375
3021
4579
11514
4218
114
8493
13148
18316
18677
10241
17005
13338
855
4978
10659
11267
1197
9405
14934
15770
7771
17670
6308
15979
9386
12692
1748
15846
6403
5130
7714
475
3895
8208
18677
3762
6080
15637
17955
5301
12141
6118
2793
16530
10602
16739
8189
2014
18848
10925
5339
6308
9538
8398
16188
5111
11609
3952
9842
10317
15637
18335
1349
3211
16891
9766
13794
6650
18753
14288
6783
13072
3211
9367
8341
3192
9310
8170
1938
7030
14193
7258
16739
6669
17936
17442
5890
10393
5244
3914
7676
1083
16606
17822
9671
209
8151
608
8854
9690
8911
7771
8208
12103
13737
13661
16739
15751
15200
11666
16834
7771
2755
15599
1273
13509
18791
1653
9177
10222
3059
10127
15010
18715
17708
15770
17480
17328
10317
342
8740
4978
15504
1425
14307
1957
4997
7239
8417
10089
1957
1520
16511
1501
779
15580
13490
17366
4674
10412
18886
7638
4028
1615
2033
11704
4769
18867
874
18867
13072
1197
18297
10754
3686
12730
12920
8189
3401
16910
10583
13452
2584
855
18791
11476
9367
16454
7201
4123
8417
1482
13433
2489
6441
10488
4769
8588
5320
6574
13547
5244
5472
9120
7429
12749
2337
15675
16815
15105
12768
4028
6631
8930
14345
3895
3591
9576
15713
7581
6384
10564
12540
1748
6346
1615
3648
12217
15466
8493
5377
14326
5491
16169
10925
17252
10488
13965
4655
14060
11096
18487
2679
665
6479
11609
12008
15637
4978
12673
2052
18164
8949
16169
16416
12293
2508
13072
17499
1843
10431
1349
12236
13680
8588
16511
8436
9044
13661
12749
16226
10659
5814
5092
18164
7144
14231
8379
16397
12217
114
15447
6992
15067
8360
13357
11571
3914
2508
3724
18069
17157
2546
13490
12046
2983
12540
1539
15827
1976
16321
1368
1216
1311
12521
12445
5529
18449
13585
13718
17005
14174
1349
18202
8493
13775
18715
4370
16511
16606
18677
4446
2603
1520
7828
8094
16701
11704
4123
15979
7828
13965
6308
14136
12179
8721
4883
12160
9937
16777
1539
2375
5662
11780
12331
437
1520
1083
1596
13262
8303
7505
6441
18088
7163
8246
12996
10887
2299
1102
8227
6308
11210
6403
8113
17955
13414
10659
15162
10602
14516
17043
16074
15979
14402
13224
13414
13034
6631
7999
12179
6707
18848
8664
3230
12141
5719
551
3496
3458
4275
10393
4522
646
14117
6992
12597
8531
13870
16093
5491
16739
11970
2356
13433
9728
14820
9709
1159
10108
4332
7600
13642
8151
6384
1558
18772
7904
14098
9310
5757
3743
3325
16302
15181
10697
1026
15979
7904
3382
5833
3762
969
11571
152
7543
14269
8683
15713
4560
10165
8398
9538
17214
1463
11495
11761
8968
7277
8835
10868
7467
2470
16150
1406
12160
2527
6973
2660
10773
1197
5073
8569
2546
7809
2090
4180
16644
5662
14212
12255
14668
10811
12597
13129
2052
7714
4560
16777
57
4959
15276
7581
7771
17328
5415
7220
7828
570
18202
16910
1368
7049
7049
13129
11058
10355
11096
11856
8360
1140
7011
7600
15105
1444
18430
5358
3762
10469
4104
14250
2926
10146
15504
10773
13281
11267
11970
12673
16549
6935
12920
7410
12844
5092
5548
5377
2090
3287
1197
6023
10051
8474
15656
16055
4636
6688
855
5111
11837
15694
10564
5111
6650
13832
3420
11761
4066
5263
13167
7600
16872
10469
9063
10203
4940
17366
11039
10089
8816
10640
3420
6897
1368
15029
5662
7372
7448
13281
1805
11590
7448
13338
15276
5757
11077
11647
13566
12844
11913
5719
646
11913
12768
10450
16986
8094
8056
11970
4522
16302
9291
931
11951
6251
6175
6840
12407
4807
17442
9557
8797
1406
14592
15428
7904
15922
16340
15276
10051
5510
9006
16264
12578
5396
11514
7619
14611
16929
1805
2413
13509
6574
4028
18848
17841
1083
4997
6517
5206
10488
12901
17537
10621
1767
5168
4750
6992
9728
4218
8778
6403
9823
4598
6973
4997
3686
361
2888
1501
646
17499
11058
12616
16891
1197
2394
133
15523
8037
16378
18886
988
7638
3800
16226
2641
18696
5225
14820
14858
3572
1102
17366
2831
8417
3496
5282
18962
741
4484
1843
13224
6536
16454
9747
15352
10982
16910
437
17518
11324
13927
10545
10830
4256
2223
3572
3553
13357
15884
5567
10032
2869
11552
3268
4731
17461
1007
15732
18848
779
14972
17575
17423
11267
209
11153
4541
4522
2052
6023
12388
11381
3097
8626
6574
2888
10222
4427
16682
10583
15485
13091
12882
7106
12768
10469
1558
4313
3458
14877
15656
14022
1824
15295
10355
3021
3971
8132
18487
3097
7239
9709
10602
5168
11229
7676
3876
17233
10773
13775
3743
17689
9177
779
6669
1254
16929
11913
18088
9310
17803
17651
570
323
13091
5168
16321
6080
6631
15143
2964
6536
16188
15789
7486
9082
16188
6308
1672
10355
13167
19
10583
13243
10944
6346
9215
5814
12920
5168
6897
5966
2888
627
18278
12141
7714
17575
3420
16036
14858
8341
9766
13642
14155
10716
18050
2014
13357
5871
11343
5643
12217
18905
2147
15618
10013
14554
2546
15485
5776
18202
6137
16473
5358
1482
3097
5852
17765
5130
15143
5548
13604
10336
18392
10564
1159
6935
4161
1273
11438
4427
2812
684
18886
13452
1064
4313
3021
9918
209
9291
15219
14402
6536
15314
4712
9462
4294
15789
18468
6422
13908
14896
2432
18734
13642
16017
12293
13756
13243
5643
13319
15941
15447
779
1824
14079
171
11837
18848
13281
12217
16397
18791
10906
12787
6574
12635
13452
7581
3648
9994
14459
9747
7429
1539
7353
17556
12654
15637
3648
7296
9994
14706
13053
9120
4427
7277
14364
12103
969
4617
12920
4104
2166
5700
7144
5605
3667
5871
15276
950
4712
17404
14649
3306
14174
7733
15599
4883
5510
15751
17499
285
3800
11381
17955
8759
17841
15789
14934
6460
13965
14269
4256
9424
1083
3268
9462
13262
15960
2223
1862
6897
589
10317
8208
13547
760
15105
10925
2261
11761
11590
12597
1216
1805
15333
1311
7980
6840
3610
13224
9234
18886
2356
11647
12863
17423
17005
10906
6422
10963
13661
12426
13547
4028
11058
12160
12084
3534
7524
11723
3572
3724
18183
8854
9595
4636
589
3705
7068
12160
15770
12255
17993
12103
15713
15314
4351
6175
18943
11438
13490
7828
4066
8512
1159
1976
18715
6745
3439
2261
1102
12654
15219
3914
14117
14193
969
17765
5567
17233
13034
494
6821
3040
1862
9405
342
9785
11115
10526
11780
7904
14136
12939
10469
12768
18069
12502
1672
17195
1748
10792
4807
2356
12255
14744
1501
9880
2850
285
10393
14687
2926
3306
18981
7049
5396
18259
10564
11324
4256
9804
17442
17309
7714
18506
8588
5130
11077
14649
13300
8569
16169
15599
4218
7106
5662
7049
17575
1862
14307
1007
12787
15371
11704
13034
4104
13319
2299
7182
4218
3667
9804
5662
12502
2261
12027
2698
13756
6289
5263
12825
4636
18677
12787
2223
9956
304
8626
7562
10507
7467
14858
13528
266
304
1957
9405
1691
17898
8075
3553
18278
11286
9177
16359
1539
11400
1843
15637
17917
4351
13376
5947
17480
10602
9671
4883
4864
6270
7505
17214
228
17442
3705
11571
10222
1368
13243
13604
13433
13642
15580
5985
3477
1349
3762
15276
15390
9766
9671
12958
10298
4807
12502
3743
8987
11419
6688
1216
7011
15447
9861
15485
8151
4693
2907
17461
8455
16606
6916
1881
4503
9215
11286
13585
17423
16720
2983
12768
9063
7391
4693
12122
7904
2660
931
1672
9386
11362
16302
11761
9709
17917
12350
18772
9044
6194
10488
16017
6232
5757
13851
10868
7429
14497
15998
2489
3743
13775
12768
6536
494
15523
9367
7657
7391
2736
2698
10374
15485
12141
4921
6251
15086
7923
16986
7467
7030
3078
6213
15884
4598
17423
0
17784
3667
8360
11951
15086
12882
18829
4674
7847
13566
8626
7600
17993
18658
12673
16264
11590
16815
12217
8550
14953
18145
16017
5947
3344
12122
15694
11704
2793
12065
570
18392
11989
18620
4484
18753
13851
9139
15428
12635
15314
2052
1748
11856
15124
16606
16340
17651
12483
17613
2451
6992
12939
13851
6650
4807
16834
2280
10032
1083
5320
7980
16435
11761
9576
16397
17765
4180
9861
16796
14706
17157
3116
10507
969
399
3762
17195
6118
18677
14725
13471
2793
13034
18126
17860
18544
9120
7866
3800
14649
513
10070
12673
11951
14269
6593
646
17518
11381
8911
6251
17233
18715
4389
8968
10564
4826
18278
11628
12141
5681
11761
16112
7904
15371
15314
3439
9785
2185
2375
6517
12521
3306
4142
11609
14212
5415
14326
4370
7809
3914
12806
4864
4351
2394
3002
15827
11191
7980
2888
14478
5814
3895
6175
3781
7904
16796
4370
8265
8322
7543
13794
380
17024
6574
17461
9139
16359
4959
10697
9462
4180
4693
4845
3629
3838
11248
9614
12996
741
16872
7429
8417
6441
8607
6954
4446
14497
10602
13414
16074
3800
13072
11989
6080
9158
12597
8854
6973
1064
7125
18050
3762
4313
817
2356
8208
14060
1311
13414
1558
6137
10032
437
893
12654
7201
7410
3819
2603
4066
15371
437
17841
17670
15656
10830
10507
4028
14953
988
16511
2622
684
8873
17366
15390
17328
2470
14022
1197
2565
17670
18848
7828
3534
5453
8189
3914
4180
12559
15542
14079
1292
13927
10298
13756
57
17974
5871
6726
18867
14915
11172
3496
5244
9880
6821
10849
6612
12730
10260
13908
760
2660
12559
12426
10887
16606
10070
9709
4731
18031
7258
18905
15257
8360
10963
15010
13927
7600
266
3515
5548
3895
7847
15181
15941
2223
17860
10488
16701
15713
13414
11191
5890
4560
228
6308
11457
17347
10241
18829
2204
342
5871
1976
16967
0
15713
12616
18867
13927
5700
19
11647
7904
5624
16264
18943
6289
7600
4693
14174
15979
4617
5035
8987
14573
16340
589
9158
18430
9158
8721
570
5510
15960
7524
3230
9538
5586
1387
7524
14288
16397
17195
4028
2774
12122
2185
18335
14763
5966
2299
4028
6555
2755
14174
14592
6403
10412
10165
3990
14744
6992
16226
7125
6517
2223
4522
6289
3667
18278
10697
18411
6574
0
8265
5624
2356
5415
13053
5624
7277
6156
17290
15162
3819
16188
12730
4484
6460
10602
8284
836
4104
7961
4389
13490
8683
11039
18392
456
13566
18183
15124
7106
13547
15903
3135
7638
13319
10146
15295
4807
7410
3895
10431
11077
2489
342
9386
3116
4750
8227
9994
608
7828
10260
18943
8892
5586
9595
12464
13072
13376
13224
6175
17385
1197
6384
12160
1710
13167
3838
15618
3895
15428
9367
4712
17176
11837
14212
6270
7771
1558
14839
1900
13471
6441
7372
8531
18088
5624
10013
16701
10564
12521
5225
1026
1387
4180
15637
2660
7733
1463
4693
8360
13224
9804
11932
13623
11115
4788
2470
7790
14630
3135
6574
8056
7676
18487
10051
4465
3382
8493
6707
13604
2185
1425
8930
114
3800
14858
7372
8531
13851
9956
2869
380
2679
2641
6574
16511
14763
6878
3116
14839
13072
7011
17803
15200
4484
8569
5415
2337
9500
779
9842
8531
16682
5795
15390
10621
15637
2413
418
1634
11723
1862
5776
9595
2508
12065
14288
12464
16891
7315
2641
17423
4598
12312
8056
13927
15466
5700
3629
4408
18620
13072
2983
7524
2831
13300
703
9709
10925
266
10412
16036
4997
16416
1596
18259
2546
9481
228
4370
11096
5510
9215
12160
17499
18278
5320
14554
5795
5320
13186
6460
4750
5852
4560
1482
18069
76
15371
17917
589
17252
1672
17993
798
14079
5966
6422
14953
10241
2413
285
10469
6916
11780
17005
16207
6650
15371
2071
2546
10317
18924
10887
8037
15713
15162
15637
3287
2318
5700
17005
7752
12464
2451
8113
12521
2147
15238
3287
11438
16644
13262
7638
703
17005
17898
8379
10887
13300
8588
14744
18639
17822
9728
16644
17993
15029
18981
16245
16834
18183
11400
13053
475
16758
4237
14212
5795
1140
15276
16910
9500
3287
2945
1064
14801
1900
14535
4408
9310
7068
12141
9880
1615
4560
10830
2888
4047
14269
10241
18506
13718
5111
10393
1178
17385
9937
5510
3458
13927
5453
15029
627
10963
3306
18924
15979
10203
11134
2888
15238
13737
6517
9044
1159
3306
2926
342
6745
13623
2052
9158
3401
2033
5377
17005
2242
18658
9899
5966
12616
18050
9443
17423
5035
608
12008
16169
12559
16378
8075
11666
15371
3667
6916
11267
11837
14630
1501
7296
6156
12711
684
9348
18525
13661
7239
17385
15903
19
18506
2109
3249
8607
14953
1634
11457
4579
2774
16758
7372
10678
16131
16739
9329
1273
9481
18848
17746
7866
15333
12236
342
15998
4902
10051
7030
9386
3458
15029
4788
17575
17366
1843
18069
15846
3420
12312
3496
8607
16340
2869
11951
133
361
6840
5339
16150
2356
9576
17499
12863
6878
9994
9842
13813
10849
17499
10868
17651
2945
13129
6726
2147
5548
14288
17404
7676
11932
7676
570
16340
13205
13604
5035
9766
10602
4009
12502
4218
17632
456
10507
2831
11875
8322
9272
12958
6099
1159
15751
152
114
4389
3515
10754
10108
17575
14934
9500
14801
2622
18639
14383
12350
1368
11552
9538
13585
15390
14440
13946
7125
11134
10146
12882
4617
76
285
13433
7505
17841
2356
5206
11362
209
12749
2945
2622
14402
4712
323
8398
5966
1349
11723
15295
13433
14782
16587
3819
8455
5795
2185
4541
18639
14592
12787
13699
1235
95
14193
10051
2812
12217
18829
9348
1501
11970
13243
17613
10127
18221
6460
2280
2831
7182
14877
9120
14839
1805
10545
8056
7372
12730
13908
7182
17195
18373
9386
15067
17233
304
5966
13300
10963
11552
9899
12122
17689
4332
2128
494
1064
11685
16644
4655
14611
12141
14744
11628
4066
2850
9519
3496
17024
15485
6878
8037
6650
5206
2508
11191
15276
3667
3173
13889
9120
4028
3287
8645
893
18715
9405
6441
779
16720
11286
3382
15656
13490
14345
17328
1178
9595
8645
18582
12749
6764
16796
1653
12844
2014
18924
17727
13414
6384
12065
14402
17993
2850
15618
5396
11153
10317
11058
11761
18202
2926
3458
8322
1976
589
5491
7695
8455
8626
7904
4351
1862
13756
16929
16264
5833
7277
11191
15333
6061
1159
8607
17594
2451
16264
6878
11989
8816
3724
9842
16283
3515
6460
8037
171
2945
13262
950
16910
5985
6346
3363
1102
5966
171
16074
5719
9500
4275
17176
8151
475
7733
1330
4294
10355
9424
13547
8797
9500
5510
6061
12559
11875
1501
5415
684
13984
11818
12407
14877
18848
12920
4731
14117
12711
12331
6042
10089
2071
456
13756
7733
8094
4408
9519
3686
14839
14117
15580
7068
779
2413
3363
3496
6023
14212
1254
11210
1026
17271
6745
14060
16359
14554
4579
9386
12540
3895
6745
3876
1045
17233
1710
9633
6403
874
9025
17290
380
95
2185
18069
6479
9956
13110
6688
6973
4256
16169
8341
14573
9063
15561
5054
11400
6954
9120
8493
1368
11172
2052
15637
11913
5244
1254
18297
15010
17974
1064
14573
14098
8094
6783
12293
16606
4864
10735
7752
13490
2394
8569
14136
9766
11381
15466
7752
10697
10051
16245
3800
6992
2584
11438
6916
17917
18259
5225
3154
9443
17404
361
8892
1881
12426
15105
17252
1805
17423
8512
12711
2166
10887
4389
17024
7277
18430
5377
18810
16340
9557
9690
14193
8721
4389
15276
18164
7999
1273
5586
18487
17518
1121
247
4978
4465
15960
13300
741
12825
4123
1729
19
3401
12388
15542
12901
12882
6384
2185
8607
18487
15352
16036
133
209
2793
6137
3762
16017
18430
10678
16397
18563
11419
10583
17860
8170
6403
2603
2090
18392
18791
8056
817
12179
13756
11894
15295
17461
11989
18962
9044
18620
3116
931
6935
15789
798
7714
5814
11305
4655
8968
10412
418
6612
6612
2698
15124
14611
3667
5396
10279
18107
10412
5377
18924
2223
6213
8569
5814
11552
16473
11153
4921
1862
2090
11324
4693
8151
17898
9595
2337
18506
3933
2508
7619
14535
9291
9804
9671
5016
4047
13642
17974
3439
17195
18734
12255
12597
16169
18088
10621
2641
18905
1729
6099
10868
5073
17860
665
3249
4313
16435
17879
14041
14136
7904
2622
12692
13775
437
2166
2850
10735
18354
3477
16416
16701
9405
5358
3078
4161
15276
10298
4104
1159
7030
3914
15504
4712
15143
12369
10602
18316
4503
8816
1767
10374
17005
8987
18867
12749
13338
4123
10678
7752
9633
13300
10412
13794
3097
12692
4199
12198
3800
12160
9253
17518
6745
1691
570
16625
13832
1349
2964
9462
14782
16492
16340
7714
8683
7581
513
16872
7011
532
5719
3021
5434
13243
17005
16663
3572
4484
6555
16815
513
2793
7885
10203
9785
4028
8664
13205
9956
7885
13794
836
8094
13243
15789
15884
8645
11134
17993
760
17499
15523
3952
4883
7695
9842
4294
12084
6004
7752
11666
5301
6346
6555
6707
11001
12084
12274
14535
5206
7030
6137
11628
10089
9500
16397
5776
17233
7600
7372
931
18354
551
8702
11856
17765
2470
513
12863
9196
11457
14174
1444
16530
1805
13832
14687
5453
11039
1197
8284
18487
11571
6593
5282
8626
475
15314
5871
3420
13908
12825
4047
2793
4047
12407
1824
17328
3591
14611
5149
14687
16701
16568
18601
9462
18696
190
5073
11666
4237
18392
11666
17917
11115
456
5833
15010
3325
6346
7277
14706
11172
19
3933
8930
38
9044
8341
8911
13319
5130
17518
9386
1102
14820
11590
532
11419
11039
14801
7296
9728
17613
361
15656
9462
1976
7695
16150
15827
1653
15162
5662
589
6916
8645
8816
14649
9994
3876
17290
4750
9633
2356
11096
11324
9975
14497
6612
17784
11153
7068
11324
13566
16663
665
5358
247
10583
11894
16929
532
10222
10678
17461
5415
9842
12540
10032
2584
14630
17328
4902
11020
17195
9386
16150
513
4313
16948
2603
18677
1577
18981
11153
7695
11134
16207
38
13699
4959
17385
9595
646
9975
7942
1178
5149
16986
13661
14725
1862
14782
2337
12027
2508
16530
5776
18487
17043
2698
15162
10716
15599
16644
3724
7676
7600
16853
1881
57
17290
7334
6365
18905
3838
12331
7277
7733
15884
2660
16720
7999
17024
3439
11343
12236
9595
4940
12198
6536
11343
15599
13528
6764
1273
18848
2945
18392
12673
8398
3857
4769
9367
190
10184
5814
8132
3477
12806
3667
18772
2280
18525
6099
7334
8417
6954
2945
18905
7182
9177
17556
5624
7942
11476
18278
12464
6954
12388
11514
7866
1007
570
5206
7239
8189
15580
9215
17499
2983
10336
17423
18373
2774
9348
9652
17024
16340
8151
15599
15694
893
13167
2907
8968
17404
13528
17594
1140
13034
6669
9861
7486
874
9196
1691
16682
3040
16055
9975
8208
9671
4180
10678
12122
14174
5130
16815
17233
16416
1121
1729
7277
8911
13642
15314
13072
2508
4655
14117
15941
1672
5073
1577
14098
2261
17100
15352
4104
2983
16131
5491
10659
8930
2375
3971
10640
8208
9538
10127
7030
7885
18240
17119
14174
11305
17005
15884
9671
4712
12977
4503
14934
17556
10203
1539
5662
15181
3648
13794
6156
6954
5035
15542
7239
16549
494
12483
18810
7524
5092
3249
1634
1406
7828
14174
17499
2451
12901
11438
11115
18563
13414
9291
11780
14497
3515
7619
9842
12863
17746
76
9899
3382
10868
4864
2185
11590
15580
13889
6517
15466
14592
3040
7543
18981
6821
11590
11666
2869
2128
6403
12217
3173
646
15865
4218
11761
15561
12236
3249
9177
18525
18715
6840
3857
2660
8702
13129
18050
18601
15466
18297
5890
10526
5092
18259
3477
10488
5130
17480
551
12464
12920
7961
9481
11134
12046
3154
13775
13338
18582
627
13376
8265
6498
14896
5035
4237
16131
3591
8569
17917
10393
12502
18183
1235
2546
18582
12977
3344
14402
7600
5225
15675
12920
13870
17993
10545
10925
3610
14478
17404
5377
18202
9500
12046
14649
3819
16454
12578
6308
17670
10963
6688
5510
11951
10963
6213
6498
18202
13091
4237
8227
14668
13091
10507
475
13357
11875
16511
10051
13794
3040
18297
1463
16796
15029
11913
8645
7809
4997
18107
2812
10355
14896
7999
646
14649
17233
9158
6631
18221
13129
6631
11552
8626
8493
2432
15390
9006
3249
8056
4427
6916
9443
3116
14345
14326
7619
5301
17214
17309
7448
3344
9120
9785
3800
608
3572
17252
12692
1881
9177
6631
133
14934
2926
418
266
3648
14649
10716
2489
7372
7125
17670
12065
13813
16777
6840
17366
2242
6802
2356
17879
10070
11723
10621
4731
6365
437
475
10697
15067
14877
15314
10621
8170
18392
14193
14516
9557
5415
13908
6517
12616
3838
16568
11096
9785
17138
9557
11134
17936
15808
3230
14117
1995
15010
4655
3553
18753
18924
6403
3933
15922
11894
10564
1862
18696
3838
15751
5529
13509
17176
950
9139
2394
4161
6308
1938
12806
8113
15770
12654
15751
2774
6270
2812
2033
6384
8607
1938
7201
12502
17404
14022
11856
6308
17138
18525
11115
10773
11932
7619
15466
5377
8341
15504
17404
9291
7296
7581
1406
17974
14554
15960
5263
7068
15409
3610
10659
10165
1368
8569
16587
950
15846
8265
6840
1748
7391
7144
3363
9424
3819
12464
17727
437
1102
8588
17385
10716
15124
17062
6308
2375
855
399
11381
11514
14231
16777
17366
14630
11495
14288
16473
14668
10564
6270
8474
5206
17936
14820
2584
14212
5681
18810
5833
11324
12977
6175
9614
4826
9386
8949
15048
13851
9215
10678
5852
3781
14155
13167
3800
7030
15124
6821
3686
7125
13414
12730
6270
11077
13965
15257
2071
10868
1254
11951
14478
12331
16454
18449
9633
13167
1976
3914
16074
4579
17290
6479
7980
1197
418
5681
1995
18962
4522
8626
9386
14060
17214
2907
16796
3857
10393
16967
9158
4541
16682
9044
5928
17746
13376
18810
5852
14003
12179
7733
10279
4617
18810
1368
17461
2565
684
1140
2565
15181
15846
11229
15941
10222
12122
17518
10697
7999
7638
15086
2679
15466
18392
12350
4826
7220
7068
6650
13965
10849
2318
6878
9709
13813
3325
1235
11343
1349
7676
1710
8512
4788
5016
11704
10868
7486
11647
2014
13547
3154
3306
7334
17917
11704
10792
18107
1444
10545
15637
10393
16758
1881
3515
9557
9614
1786
18867
38
2679
16226
12711
18012
14991
4674
9899
14193
10317
15105
3173
5301
4940
14687
893
16074
304
14402
5700
13376
1558
3838
1653
14231
11039
14896
7600
10450
13357
16112
18582
6118
11096
18183
14573
7790
6175
1463
2660
4997
10754
7866
12103
4446
14972
14345
4028
18012
8664
11552
13642
2565
13205
3230
14098
2223
7638
6593
15181
6973
10602
18468
5396
2603
11818
7809
7638
13300
9614
4104
9595
5244
3686
9158
4066
18601
8873
9424
13471
1311
1786
6175
15903
8778
14535
4769
12844
9139
16701
5681
10887
2033
18050
14953
1330
6061
4237
9595
6973
4902
14022
8968
152
5054
361
10640
1729
18449
6688
361
2318
7942
665
10583
5662
6631
7942
6460
6080
8246
6802
16587
15998
5624
16739
380
10963
12217
16321
14877
8607
18468
4674
11324
6726
152
1216
11856
1558
16720
16150
14364
15428
9443
2261
5358
14041
8436
18525
9671
12350
13395
7239
7524
16834
4085
17727
15352
6764
12293
14003
15428
1463
9177
11514
14231
1786
12312
11913
9747
8911
11305
494
6023
14326
18012
2926
3667
8094
16036
6460
8949
9310
1596
8740
13015
18734
2451
6593
13205
3781
10241
5073
9272
2223
6479
950
3686
399
7486
9614
10564
13148
8607
14440
12217
7524
8987
8588
14839
10469
6137
10184
6574
8360
13927
2831
11001
9671
18620
3401
1824
950
1007
8189
12540
2869
1577
3059
2660
14706
15580
8930
6384
16815
14687
15580
7467
10849
7182
11324
1748
10203
7790
13471
2375
16663
2033
18373
17936
15637
3078
2660
15865
1786
9994
16682
13984
11609
4370
12255
2470
10203
589
437
18962
6574
6118
16359
1748
2242
570
11476
2394
8208
16150
6707
14155
475
9367
17803
17043
13091
15542
1216
17347
11286
6802
10032
2793
13224
4028
10564
18183
722
665
9063
17898
1273
10450
6783
17309
18183
7524
10070
4028
18620
5643
16207
9063
7942
6023
988
2280
6251
14668
2527
3838
15637
1615
10868
11058
4370
8474
11533
8455
1634
7011
741
11229
3762
3648
3838
8056
14896
5282
7581
13338
7410
17651
17955
1406
11438
10070
10944
6023
11286
1197
12388
8455
3857
10260
12065
9899
9519
10735
10583
12635
5016
17765
13813
11875
2375
6840
16663
11685
7144
5833
9633
8265
4940
11400
399
16245
3800
4180
14079
17309
15067
18031
5263
16473
1824
17499
11666
8873
7999
7904
2432
494
8892
4522
9937
5415
1653
17423
18658
10906
5396
13585
2223
836
2299
16112
9880
1615
2831
14649
950
16853
13376
12711
6080
9348
266
18202
17233
3420
17157
5586
10450
2109
12825
5909
2812
1273
14991
13547
76
16454
12863
10754
4389
3496
3686
9424
1444
17100
13224
17765
3971
14991
18202
7125
17252
1045
9025
5339
7942
8455
4769
13547
323
2755
12084
1672
11267
13718
7562
9633
323
7543
3686
18772
6669
5776
16435
9728
6973
7201
16435
10032
18240
2128
3572
3857
11286
17708
5947
11172
9215
15922
17613
7600
5757
14421
7885
665
11172
15105
17822
817
14193
13509
1729
9063
13642
6441
14231
11685
13870
13433
18848
3762
4712
17328
16739
5187
14193
2660
12749
16530
9158
18202
11951
10089
14611
8702
7391
14269
5529
16207
8227
5358
14041
5624
7600
11286
1444
342
6061
8341
11780
9025
13794
3686
9880
5130
5567
7315
2983
6365
4522
9234
5529
12578
4028
13870
8170
17518
9063
17100
3952
9291
5700
7562
3667
14117
8854
9443
12768
1767
5282
2565
11685
17404
15086
6878
9462
5510
10184
14972
17024
11020
4655
3154
4218
15751
2983
2679
8056
8930
2717
3971
14003
10469
16758
4712
3724
6764
17936
7809
3572
6441
9310
10165
1995
3895
3116
16093
6308
6289
3553
4712
18962
6612
76
17727
3116
6916
9101
988
8911
15770
13281
14744
1634
8474
18753
8360
16834
152
646
17651
16682
10583
14193
17461
8436
16245
3591
17670
14288
5966
18639
8474
5871
18658
2660
16625
12692
13870
9766
9557
17898
11476
4446
14440
12635
1330
912
4997
15599
5377
4731
13395
8189
15238
10222
6080
9386
1710
8740
7923
7220
16701
2242
5301
10754
57
5377
18696
10640
6536
6954
4066
15257
10735
11609
13091
17499
6536
13832
4161
17366
16492
7828
8759
5149
13129
5282
12920
1501
13319
12331
4826
7923
18867
8037
16283
1691
10830
17404
228
17746
13642
18924
12483
17100
6916
5909
7353
13927
14212
1577
570
3743
11932
6745
15561
11970
6213
152
13224
1387
13832
18487
12901
4978
2128
13661
5282
16226
9196
15732
11685
1653
16169
6897
18715
8208
15637
1007
5301
418
9139
12046
11970
5434
1254
5605
17727
3249
15941
5738
14136
38
228
9405
5738
1007
9215
4218
6023
3591
18107
1007
14155
969
0
15561
10716
4883
7714
17879
7353
12844
5776
1140
3287
18772
1805
13053
14934
1216
17385
1102
3515
14212
1995
9861
6270
3724
11704
10279
3743
14687
15656
114
18145
12654
18620
16663
18620
5263
4142
10469
10792
16226
14611
3819
9310
7467
9462
1273
9443
4009
18278
3268
11267
1463
3762
18354
13889
5700
15200
5377
8208
17936
11134
2109
16321
8265
12008
5320
4997
15599
57
5852
9690
2850
7201
2470
3135
209
76
5396
9196
10583
9196
8854
4294
6498
2356
18905
2736
247
15618
8512
2679
11780
12730
6403
8398
17176
9785
7524
8189
15200
12920
3401
18354
3686
9538
10298
8759
17841
8455
18259
14478
4674
3230
7410
10545
14858
11153
11666
9633
18069
10659
13908
18316
15998
16055
5073
14307
6669
5434
1102
3382
10488
798
4028
1026
2337
13129
15751
16340
13243
1140
646
7809
7391
15276
11856
665
18829
4446
2717
11153
8835
1558
4256
14383
10203
15618
13775
12730
475
6099
475
18126
13129
1064
8816
13832
5187
11286
11685
15675
16188
9443
5453
16701
17252
8094
14706
6460
4085
11115
12901
18696
7847
10336
4617
15656
4161
3534
11704
4009
12882
14953
18715
16834
513
10697
15922
4446
4788
2166
7239
9500
16378
15466
9747
12882
17499
10678
15998
15599
9861
6403
7543
12654
2907
11324
9538
2831
5434
13243
2945
2850
10735
16663
14953
1634
3458
10982
14858
9386
12084
16644
5738
247
15903
17784
15485
13072
5415
5757
5529
874
11837
9918
4750
12654
4674
2698
7752
4484
513
18734
6346
7619
8512
10906
14098
10982
8303
8626
14307
12369
760
11381
14953
3287
17822
18430
7182
6042
6840
14421
14174
6346
15789
12369
5111
16074
9956
7847
10051
5111
10374
1767
14478
17841
5415
11077
6118
2603
8037
15029
11210
9880
14155
9348
1881
5814
9823
16910
7448
16682
14763
5662
5586
2869
1957
15295
570
17157
6118
2470
12635
16720
7049
13300
9842
2052
5871
13357
3021
9975
2394
14364
2679
18677
11533
361
13946
16815
14098
16112
17081
8379
11438
5947
12293
13528
4066
10336
12407
2546
17974
5092
4579
13015
16074
16948
1254
14820
9272
13053
6650
7866
7904
17575
15181
18677
2774
14041
6612
6954
12692
16511
9177
14288
17803
18772
14231
4142
2527
18886
6441
8227
18430
6916
7144
18639
3838
3192
2090
13889
9994
11666
2850
13110
5434
11172
646
15808
8702
11932
5586
18202
13376
7315
9538
5947
11837
14478
17803
209
2052
14554
15789
18867
7657
18563
2242
11058
10640
12578
8265
5035
11970
1007
9728
18886
5928
15770
16435
2622
5738
10013
10393
209
2793
57
17746
14554
8892
1900
190
13756
11001
646
7923
7125
1159
2964
4028
8550
7448
2850
17176
15618
14155
6916
10374
16682
13794
4218
11723
12255
9101
14516
16169
11989
12198
12692
18905
855
10488
9310
3059
2527
15238
17461
13262
18430
13813
14079
6251
5605
14326
15523
3002
7030
10488
3078
1178
16682
2109
3838
3116
7467
9994
13110
15333
2584
3648
665
14193
4256
2926
3990
836
18981
17480
18012
11115
8835
2945
11305
10127
5301
2394
13661
7220
247
19
7448
532
9785
3287
1558
8683
4845
17936
12958
9082
10032
4180
12027
5016
17138
11324
15181
9063
1216
3762
9918
5738
8626
2565
7106
2299
14763
15257
11837
15846
13053
9044
3439
2014
8569
18354
2261
4256
4503
14136
7068
16264
15010
3743
11951
19
15466
3116
15485
3876
9918
4788
8512
1539
15656
12540
18848
14820
7220
9614
16454
6232
11856
3249
14326
12502
7752
8265
8379
14022
16644
3895
18069
1786
2299
4788
11400
16853
14478
12369
16017
17005
209
6726
3325
57
5605
18886
11666
16986
6878
76
9405
14269
3667
13452
11210
8284
13528
12236
15485
2242
1444
722
12065
722
7657
7619
14478
13243
7163
11096
9310
13072
11799
11248
10602
8721
3553
7011
3857
14744
18582
4826
3781
4370
1064
9880
12502
16834
18639
8968
7942
4940
10906
10108
11267
4465
9481
13452
9614
18677
2337
8759
7391
2109
18202
17879
16378
16150
16796
9880
9652
12616
8892
5073
19
5263
9101
4541
4826
7334
5282
14459
11419
7087
17784
16549
11875
7334
9291
12559
6251
17366
15808
912
3705
11742
14744
9481
18829
3629
2622
17499
14668
13851
18696
13414
7714
12255
6156
4427
3059
152
10982
16359
15599
3952
10716
893
13566
6783
17119
1881
12730
2432
12008
16169
11191
6897
15390
4712
13680
14022
10127
5966
475
1216
8170
11134
14991
3135
9899
7106
3553
14250
7201
1615
17879
15751
8683
361
7695
13433
4693
18677
15998
12369
4769
16644
798
8075
10412
18791
14630
6897
18031
12236
6156
8797
3002
15428
12008
14231
11343
703
17746
4522
1672
15067
38
7239
12882
4807
5035
8759
18069
7467
10716
18601
342
1900
14193
11039
11818
17955
13908
17993
3230
6821
18620
16663
18392
7752
2356
6042
17309
6365
4845
16397
12027
14592
12996
285
16967
17993
12445
627
3610
14459
8151
18829
6137
14630
4256
18962
3496
3002
15941
8531
14060
12198
16435
18126
16663
8474
6289
12141
12483
6631
627
16606
16226
11628
10222
18297
6935
722
12445
14611
6726
12141
18468
10925
3021
10792
4712
5852
10070
6118
9462
7106
10868
13661
6479
9557
16777
13775
18183
9272
11894
3724
13414
14231
15333
15409
9956
14630
8018
18354
17176
17879
14212
8854
15865
13281
2261
18620
11761
5757
4636
9253
14402
10184
13528
228
10583
4921
12673
10621
2147
9291
12806
3781
12654
6897
5700
14098
10412
9918
4256
17214
1254
969
18335
5092
11381
6460
1691
4389
7505
17784
15618
15561
10222
5643
3838
17366
17556
8037
2394
8550
10488
15409
475
3439
3230
5339
9842
6935
1501
16226
10089
10260
15789
13186
14041
13737
13718
6099
6213
18563
8018
7410
3952
15922
17784
6251
14288
11875
12160
6707
2622
9253
8246
7543
8189
8911
16910
19
8873
10032
10184
13433
13357
14174
2660
4313
456
1824
10108
10374
2869
8550
10868
190
16454
18126
13015
11666
15884
14763
17651
10849
627
12274
6194
760
10412
6840
2451
17974
14516
8170
9671
2033
7524
4047
13908
12065
5510
10222
1292
7448
4769
5947
18506
10070
3287
13167
13281
17366
15751
5187
5168
5567
11115
13642
12692
5833
6232
8018
2736
4484
10355
3059
13186
16207
12046
1159
11324
11381
7353
6137
13433
11742
11590
13965
5985
17480
13661
3211
4294
15884
3230
9918
17879
8151
14972
17499
1482
5890
6156
18221
14250
2888
7505
3021
3724
15675
9614
12958
9861
9405
8550
10203
14611
4256
6593
7391
76
5852
1558
2812
8683
14535
15751
2508
4389
1007
11723
1007
779
14763
17442
9006
9196
17119
2128
18715
14421
2736
8854
3857
5833
16283
5586
4370
8455
11286
2128
12939
14763
4028
5396
18677
4275
11932
4047
14269
3021
3116
13832
10849
4256
2679
10621
5339
18563
11761
3382
10469
1330
1539
5073
494
456
2869
7923
18221
10773
15523
17480
9937
16283
2926
15181
12939
14630
3819
9310
18905
7068
13129
14440
14193
7448
14307
15808
16910
6650
17233
15656
8056
2926
7220
570
4047
18829
10184
1254
285
12920
2508
7353
551
4959
874
1558
15884
18449
5111
8132
8512
3173
475
15257
9671
532
12711
11685
6042
18601
14364
13851
18810
18582
12046
17803
3287
11856
6327
13395
3743
2432
380
8075
16815
4940
13794
5092
17594
11020
13186
3097
13927
8968
3458
7448
6992
17974
15086
11818
10431
15181
1634
4845
1045
7277
18582
10298
3971
9918
10583
9082
13832
13946
760
1558
12863
2869
3724
4693
14896
5586
16834
6821
8417
3154
7790
15485
9386
12806
16701
13300
7106
38
5358
5339
228
7296
1748
13129
3857
7258
2888
14155
18126
8113
1216
17746
513
418
13053
11134
11286
12939
6327
11096
12806
13091
6650
5187
12103
1463
2812
8664
4769
722
2242
11381
11495
1938
9595
15846
13243
7353
4218
16150
6403
5890
14060
17594
1197
4085
15656
15903
18316
13604
10070
3154
9310
14022
6403
9196
3914
3705
12806
7676
12806
2736
15903
4123
4427
11419
18696
342
855
18582
6384
15542
2983
6840
551
11400
16777
12103
17594
4408
10450
304
15599
2014
8702
5035
12084
5947
12483
9025
1349
6669
16644
11153
1292
2413
16758
11096
7163
6745
15143
2945
4199
8037
6688
13851
14022
6327
1615
2698
8987
4161
8189
15903
1786
17670
7980
6023
3895
11552
12103
114
15314
8987
1083
7999
17271
10203
8018
11913
7239
10583
14763
17879
14535
6726
9747
8360
12977
570
133
12977
12179
14554
5168
11571
266
0
12274
6821
7562
14022
7220
9785
15428
4598
13072
8018
7277
10773
16074
9196
17670
17784
14801
11723
6099
5396
9709
17575
18867
5035
13661
13281
10165
4123
16283
7733
1748
798
8531
9234
589
12863
4484
17233
7809
13870
4009
13205
17214
1691
13870
14744
15409
1900
1843
13642
7600
12065
12217
494
6441
2736
10754
12445
7942
12692
16302
3287
11704
16150
2071
18601
5890
13129
17290
8018
17670
7163
6384
11400
6821
3629
5814
5814
11039
15067
10127
6460
4009
3971
1767
4180
171
2603
16321
722
14953
8208
5681
532
3553
15466
3382
4066
8455
9310
18886
14801
190
17461
14136
18696
10431
12198
2983
9728
16758
5453
6023
15903
2280
6156
6175
7562
14516
266
16720
2451
14440
5073
6137
13889
13604
7448
3325
9842
13908
8892
3781
15238
11419
13148
11761
15029
4047
3648
4199
13414
2451
14402
494
11077
3667
9842
10070
6023
4009
12882
17993
13224
2945
17442
12521
8569
16929
3325
6783
6004
8835
4389
11229
3572
18411
16416
6555
2869
4655
15409
1672
17347
11134
2698
2489
3990
12407
4522
7866
12996
5130
6251
6631
1254
9196
15390
4313
4313
4712
9766
9215
18677
6346
17271
6688
2147
2926
3876
16758
1026
4541
2755
17765
13775
9994
9728
17366
12901
3591
12977
12141
10203
12122
14554
16682
1045
12331
11039
18905
836
16492
12673
988
18829
9310
95
14953
10488
817
5890
11799
4028
13585
15732
5510
8455
10108
10222
16207
12711
2128
5149
17442
11932
16283
7429
1178
15371
10564
1691
11153
4199
11533
3515
1159
14554
9082
10317
6080
18278
5700
16093
13129
6878
2261
13414
1976
9158
703
8018
13319
16834
13946
1843
11761
15466
9158
8265
7543
3591
18335
3287
3990
15029
11989
18772
4693
15694
